0 0.094460 0.710702 0.020764 0.038462
0 0.157356 0.713880 0.017132 0.038127
0 0.566853 0.823495 0.021043 0.038294
0 0.566387 0.763712 0.019181 0.047826
0 0.241387 0.546488 0.009404 0.020736
0 0.014479 0.811204 0.020577 0.034448
0 0.567877 0.885117 0.024767 0.060201
0 0.568669 0.719900 0.016667 0.039465
0 0.366155 0.553010 0.010149 0.021405
0 0.305540 0.585953 0.010894 0.020401
0 0.274115 0.533779 0.009497 0.021739
0 0.019646 0.639298 0.016387 0.015385
0 0.221089 0.645485 0.016853 0.023746
0 0.345019 0.567475 0.009777 0.016221
0 0.305354 0.524080 0.008845 0.020067
