0 0.584095 0.696500 0.012034 0.027667
0 0.143237 0.786250 0.017817 0.041167
0 0.079431 0.782333 0.020429 0.040000
0 0.241138 0.619000 0.010261 0.022000
0 0.269170 0.605333 0.009422 0.021667
0 0.212407 0.717667 0.018097 0.022667
0 0.543004 0.957583 0.025560 0.064500
0 0.402472 0.600917 0.008675 0.016833
0 0.339132 0.639750 0.009981 0.018167
0 0.556996 0.795667 0.016791 0.042333
0 0.355224 0.624417 0.010075 0.024833
0 0.548461 0.895833 0.020616 0.039000
0 0.552565 0.836500 0.019683 0.051667
0 0.303218 0.599333 0.008862 0.020667
0 0.371175 0.607083 0.010261 0.020833
0 0.296222 0.654833 0.011660 0.020333
0 0.010215 0.712500 0.016698 0.014000
