0 0.471082 0.770667 0.019403 0.041000
0 0.767864 0.782417 0.016884 0.041167
0 0.706203 0.777833 0.020989 0.039000
0 0.879711 0.684500 0.012407 0.028667
0 0.622854 0.875000 0.020896 0.035000
0 0.870896 0.621750 0.010821 0.019500
0 0.819590 0.639000 0.010448 0.023667
0 0.763666 0.655333 0.010914 0.027667
0 0.925466 0.688833 0.011381 0.019667
0 0.924580 0.600000 0.008302 0.019667
0 0.889739 0.611333 0.008955 0.019333
0 0.165392 0.648667 0.011194 0.016000
0 0.950746 0.641000 0.009701 0.021333
0 0.980690 0.625583 0.010075 0.020167
0 0.917071 0.659000 0.011754 0.027667
