0 0.444543 0.687667 0.012220 0.028333
0 0.134981 0.596083 0.008769 0.019500
0 0.099160 0.606750 0.009515 0.020500
0 0.222062 0.613083 0.009422 0.021167
0 0.404291 0.948417 0.026119 0.065833
0 0.074067 0.704917 0.016978 0.022167
0 0.166278 0.584917 0.008862 0.020500
0 0.409655 0.886167 0.020429 0.040333
0 0.419216 0.783667 0.016604 0.042333
0 0.413153 0.825083 0.018470 0.050167
0 0.200653 0.629083 0.009515 0.018500
0 0.243517 0.598750 0.008302 0.016500
0 0.263013 0.586000 0.008302 0.019000
0 0.006996 0.775833 0.013806 0.041667
