0 0.469170 0.734750 0.018937 0.042167
0 0.693843 0.740833 0.019776 0.038333
0 0.749767 0.622583 0.012220 0.027833
0 0.753825 0.745500 0.016418 0.038000
0 0.614646 0.834500 0.020336 0.032000
0 0.861101 0.649833 0.011381 0.023333
0 0.902099 0.656417 0.011101 0.021833
0 0.804897 0.606250 0.010354 0.022833
0 0.847668 0.591833 0.009328 0.016667
0 0.171968 0.614083 0.011847 0.016167
0 0.897901 0.627000 0.011287 0.026667
0 0.956157 0.593667 0.010261 0.018000
0 0.930131 0.610167 0.009142 0.020333
0 0.905131 0.570250 0.008209 0.019500
0 0.875047 0.580500 0.008302 0.018333
