0 0.504058 0.698250 0.011847 0.028167
0 0.064319 0.786083 0.017817 0.041500
0 0.478312 0.795917 0.016511 0.042500
0 0.464366 0.956417 0.025746 0.061167
0 0.159795 0.619333 0.010075 0.022333
0 0.260028 0.639583 0.009422 0.018167
0 0.473321 0.835750 0.019216 0.050833
0 0.132976 0.717333 0.017444 0.022000
0 0.469683 0.896250 0.020709 0.039833
0 0.324160 0.599750 0.009142 0.019500
0 0.278125 0.625000 0.009981 0.024000
0 0.190951 0.606083 0.009328 0.022500
0 0.298228 0.607167 0.008769 0.019333
0 0.225233 0.597667 0.008862 0.019667
0 0.005737 0.782333 0.011287 0.036333
