0 0.444552 0.687639 0.012293 0.028292
0 0.135003 0.596075 0.008737 0.019437
0 0.099163 0.606769 0.009561 0.020401
0 0.222061 0.613057 0.009402 0.021242
0 0.404300 0.948423 0.026120 0.065908
0 0.074061 0.704960 0.017026 0.022129
0 0.166244 0.584911 0.008884 0.020360
0 0.409663 0.886120 0.020485 0.040387
0 0.419215 0.783692 0.016685 0.042348
0 0.413145 0.825111 0.018417 0.050113
0 0.200654 0.629090 0.009586 0.018461
0 0.243541 0.598698 0.008329 0.016501
0 0.263016 0.586032 0.008259 0.019093
0 0.006964 0.775870 0.013819 0.041605
